search successful.
Fletcher-Reeves:
Iter        x_1        x_2          f gradient_1 gradient_2     lambda  nF  nG nReset
   1   -1.04209    1.06445     4.2163   -13.0454    -4.2996     0.0007  17  16  0 
   2   -1.02951    1.06909     4.1274    -0.2724     1.8390     0.0005  15  14  0 
   3    0.88709    0.78637     0.0128    -0.0253    -0.1130     0.5098  18  17  0 
   4    0.88722    0.78641     0.0128     0.0412    -0.1503     0.0005  15  14  0 
   5    0.88767    0.78678     0.0128     0.1934    -0.2355     0.0015  15  14  0 
   6    0.95153    0.90177     0.0037     1.2888    -0.7282     0.1562   9   8  0 
   7    0.95238    0.90702     0.0023    -0.0926    -0.0014     0.0012  16  15  0 
   8    1.00345    1.00849     0.0003    -0.6305     0.3176     0.3750   7   6  0 
   9    1.00508    1.01020     0.0000     0.0024     0.0039     0.0010  14  13  2 
  10    1.00478    1.00971     0.0000    -0.0408     0.0250     0.1250   7   6  0 
  11    1.00480    1.00963     0.0000     0.0074     0.0011     0.0012  16  15  0 
  12    1.00434    1.00856     0.0000     0.0657    -0.0284     0.0938   9   8  0 
  13    1.00421    1.00847     0.0000    -0.0058     0.0071     0.0012  16  15  0 
  14    0.99991    0.99976     0.0000     0.0245    -0.0123     0.5000   5   4  0 
  15    0.99986    0.99972     0.0000     0.0007    -0.0005     0.0010  14  13  0 
  16    0.99986    0.99972     0.0000     0.0001    -0.0002     0.0004  18  17  0 
  17    0.99986    0.99972     0.0000    -0.0000    -0.0001     0.0001  20  19  0 
  18    0.99986    0.99972     0.0000    -0.0000    -0.0001     0.0001  20  19  0 
  19    0.99986    0.99972     0.0000    -0.0001    -0.0001     0.0001  19  18  0 
  20    0.99986    0.99972     0.0000    -0.0001    -0.0001     0.0001  20  19  0 
  21    0.99986    0.99972     0.0000    -0.0002    -0.0001     0.0002  19  18  0 
  22    0.99986    0.99972     0.0000    -0.0003    -0.0000     0.0003  18  17  0 
  23    0.99986    0.99972     0.0000    -0.0005     0.0001     0.0010  14  13  0 
  24    0.99997    0.99994     0.0000    -0.0028     0.0014     0.1250   7   6  0 
  25    0.99997    0.99995     0.0000    -0.0002     0.0001     0.0010  14  13  0 
  26    0.99997    0.99995     0.0000     0.0000    -0.0000     0.0006  17  16  0 
  27    0.99997    0.99995     0.0000     0.0001    -0.0001     0.0012  16  15  0 
  28    0.99999    0.99997     0.0000     0.0005    -0.0003     0.0469  10   9  0 
  29    0.99999    0.99997     0.0000    -0.0001     0.0000     0.0012  16  15  0 
  30    1.00000    0.99999     0.0000     0.0002    -0.0001     0.0625   8   7  0 
  31    1.00000    0.99999     0.0000    -0.0000     0.0000     0.0012  16  15  0 
  32    1.00000    1.00000     0.0000     0.0001    -0.0000     0.0469  10   9  0 
  33    1.00000    1.00000     0.0000    -0.0000     0.0000     0.0012  16  15  1 
  34    1.00000    1.00000     0.0000    -0.0000    -0.0000     0.0010  14  13  0 
Number of f calculations:           501 
Number of gradient calculations:    466 
Number of resets:                   2 