 Iter        x_1        x_2          f gradient_1 gradient_2     lambda  nF  nG nReset
...
 8410    1.00000    1.00000     0.0000     0.0000     0.0000     0.0017  16  15  0 
 8411    1.00000    1.00000     0.0000    -0.0000     0.0000     0.0024  15  14  0 
 8412    1.00000    1.00000     0.0000     0.0000     0.0000     0.0015  15  14  0 
 8413    1.00000    1.00000     0.0000    -0.0000     0.0000     0.0039  12  11  0 
 8414    1.00000    1.00000     0.0000     0.0000     0.0000     0.0012  16  15  0 
 8415    1.00000    1.00000     0.0000    -0.0000     0.0000     0.0078  11  10  0 
 8416    1.00000    1.00000     0.0000     0.0000     0.0000     0.0012  16  15  0 
 8417    1.00000    1.00000     0.0000    -0.0000     0.0000     0.0039  12  11  0 
 8418    1.00000    1.00000     0.0000     0.0000     0.0000     0.0015  15  14  0 
 8419    1.00000    1.00000     0.0000    -0.0000     0.0000     0.0024  15  14  0 
 8420    1.00000    1.00000     0.0000     0.0000     0.0000     0.0017  16  15  0 
 8421    1.00000    1.00000     0.0000    -0.0000     0.0000     0.0024  15  14  0 
 8422    1.00000    1.00000     0.0000     0.0000     0.0000     0.0017  16  15  0 
 8423    1.00000    1.00000     0.0000    -0.0000     0.0000     0.0024  15  14  0 
 8424    1.00000    1.00000     0.0000     0.0000     0.0000     0.0017  16  15  0 
 8425    1.00000    1.00000     0.0000    -0.0000     0.0000     0.0024  15  14  0 
 8426    1.00000    1.00000     0.0000     0.0000     0.0000     0.0015  15  14  0 
 8427    1.00000    1.00000     0.0000    -0.0000     0.0000     0.0039  12  11  0 
 8428    1.00000    1.00000     0.0000     0.0000     0.0000     0.0012  16  15  0 
 8429    1.00000    1.00000     0.0000    -0.0000     0.0000     0.0078  11  10  0 
 8430    1.00000    1.00000     0.0000     0.0000     0.0000     0.0012  16  15  0 
 8431    1.00000    1.00000     0.0000    -0.0000     0.0000     0.0039  12  11  0 
 8432    1.00000    1.00000     0.0000     0.0000     0.0000     0.0015  15  14  0 
 8433    1.00000    1.00000     0.0000    -0.0000     0.0000     0.0024  15  14  0 
 8434    1.00000    1.00000     0.0000     0.0000     0.0000     0.0017  16  15  0 
 8435    1.00000    1.00000     0.0000    -0.0000     0.0000     0.0024  15  14  0 
 8436    1.00000    1.00000     0.0000     0.0000     0.0000     0.0017  16  15  0 
 8437    1.00000    1.00000     0.0000    -0.0000     0.0000     0.0024  15  14  0 
 8438    1.00000    1.00000     0.0000     0.0000     0.0000     0.0017  16  15  0 
 8439    1.00000    1.00000     0.0000    -0.0000     0.0000     0.0024  15  14  0 
Number of f calculations:           122962 
Number of gradient calculations:    114522 
Number of resets:                   5 